143	36	161	1
143	36	128	1
143	36	88	1
143	36	157	1
143	36	148	1
143	36	80	1
143	36	155	1
143	36	143	1
143	36	8	1
151	45	80	1
151	45	154	1
151	45	8	1
133	54	80	1
133	54	156	1
133	54	35	1
133	54	62	1
133	54	12	1
133	54	149	1
133	54	55	1
133	54	150	1
133	54	47	1
133	54	139	1
133	54	13	1
94	54	80	1
94	54	156	1
94	54	35	1
94	54	62	1
94	54	12	1
94	54	149	1
94	54	55	1
94	54	150	1
94	54	47	1
94	54	139	1
94	54	13	1
159	45	80	1
159	45	154	1
159	45	8	1
155	36	161	1
155	36	128	1
155	36	88	1
155	36	157	1
155	36	148	1
155	36	80	1
155	36	155	1
155	36	143	1
155	36	8	1
172	28	132	1
172	28	17	1
172	28	8	1
172	28	70	1
172	28	128	1
172	28	69	1
172	28	100	1
172	28	97	1
172	28	76	1
172	28	139	1
172	2	100	1
172	2	128	1
172	2	69	1
172	2	30	1
172	2	107	1
172	2	42	1
172	37	63	1
172	37	60	1
172	37	128	1
172	37	88	1
172	37	90	1
172	37	82	1
172	37	110	1
172	37	136	1
172	37	35	1
172	37	137	1
172	37	92	1
172	37	36	1
172	37	3	1
6	28	132	1
6	28	17	1
6	28	8	1
6	28	70	1
6	28	128	1
6	28	69	1
6	28	100	1
6	28	97	1
6	28	76	1
6	28	139	1
6	2	100	1
6	2	128	1
6	2	69	1
6	2	30	1
6	2	107	1
6	2	42	1
6	37	63	1
6	37	60	1
6	37	128	1
6	37	88	1
6	37	90	1
6	37	82	1
6	37	110	1
6	37	136	1
6	37	35	1
6	37	137	1
6	37	92	1
6	37	36	1
6	37	3	1
21	54	80	1
21	54	156	1
21	54	35	1
21	54	62	1
21	54	12	1
21	54	149	1
21	54	55	1
21	54	150	1
21	54	47	1
21	54	139	1
21	54	13	1
239	45	80	1
239	45	154	1
239	45	8	1
182	36	161	1
182	36	128	1
182	36	88	1
182	36	157	1
182	36	148	1
182	36	80	1
182	36	155	1
182	36	143	1
182	36	8	1
128	36	161	1
128	36	128	1
128	36	88	1
128	36	157	1
128	36	148	1
128	36	80	1
128	36	155	1
128	36	143	1
128	36	8	1
93	36	161	1
93	36	128	1
93	36	88	1
93	36	157	1
93	36	148	1
93	36	80	1
93	36	155	1
93	36	143	1
93	36	8	1
15	19	94	1
15	19	8	1
87	36	161	1
87	36	128	1
87	36	88	1
87	36	157	1
87	36	148	1
87	36	80	1
87	36	155	1
87	36	143	1
87	36	8	1
65	36	161	1
65	36	128	1
65	36	88	1
65	36	157	1
65	36	148	1
65	36	80	1
65	36	155	1
65	36	143	1
65	36	8	1
89	19	94	1
89	19	8	1
217	56	74	1
217	56	99	1
43	23	163	1
43	23	80	1
43	23	14	1
228	54	80	1
228	54	156	1
228	54	35	1
228	54	62	1
228	54	12	1
228	54	149	1
228	54	55	1
228	54	150	1
228	54	47	1
228	54	139	1
228	54	13	1
216	37	63	1
216	37	60	1
216	37	128	1
216	37	88	1
216	37	90	1
216	37	82	1
216	37	110	1
216	37	136	1
216	37	35	1
216	37	137	1
216	37	92	1
216	37	36	1
216	37	3	1
23	15	57	1
74	29	80	1
74	29	8	1
226	13	78	1
226	13	76	1
226	13	97	1
184	41	18	1
184	41	74	1
184	41	72	1
184	41	9	1
184	41	37	1
184	41	83	1
184	41	80	1
184	41	30	1
184	41	137	1
184	41	128	1
184	41	100	1
184	41	8	1
184	22	8	1
220	9	161	1
220	9	157	1
220	9	1	1
220	9	78	1
220	9	9	1
220	9	61	1
220	9	101	1
220	22	8	1
46	20	152	1
16	54	80	1
16	54	156	1
16	54	35	1
16	54	62	1
16	54	12	1
16	54	149	1
16	54	55	1
16	54	150	1
16	54	47	1
16	54	139	1
16	54	13	1
185	45	80	1
185	45	154	1
185	45	8	1
130	37	63	1
130	37	60	1
130	37	128	1
130	37	88	1
130	37	90	1
130	37	82	1
130	37	110	1
130	37	136	1
130	37	35	1
130	37	137	1
130	37	92	1
130	37	36	1
130	37	3	1
259	53	18	1
259	0	161	1
259	0	128	1
259	0	4	1
259	0	8	1
259	0	38	1
259	0	149	1
259	0	92	1
259	0	126	1
259	0	62	1
259	0	146	1
259	0	14	1
40	9	161	1
40	9	157	1
40	9	1	1
40	9	78	1
40	9	9	1
40	9	61	1
40	9	101	1
127	41	18	1
127	41	74	1
127	41	72	1
127	41	9	1
127	41	37	1
127	41	83	1
127	41	80	1
127	41	30	1
127	41	137	1
127	41	128	1
127	41	100	1
127	41	8	1
127	22	8	1
77	41	18	1
77	41	74	1
77	41	72	1
77	41	9	1
77	41	37	1
77	41	83	1
77	41	80	1
77	41	30	1
77	41	137	1
77	41	128	1
77	41	100	1
77	41	8	1
201	13	78	1
201	13	76	1
201	13	97	1
42	24	26	1
42	22	8	1
152	16	91	1
152	16	161	1
152	16	80	1
152	16	11	1
152	16	63	1
152	16	126	1
152	16	143	1
152	16	88	1
152	16	61	1
152	16	110	1
152	16	25	1
152	16	51	1
152	16	94	1
152	16	24	1
152	16	153	1
213	36	161	1
213	36	128	1
213	36	88	1
213	36	157	1
213	36	148	1
213	36	80	1
213	36	155	1
213	36	143	1
213	36	8	1
95	1	8	1
95	19	94	1
95	19	8	1
218	49	11	1
218	49	128	1
221	28	132	1
221	28	17	1
221	28	8	1
221	28	70	1
221	28	128	1
221	28	69	1
221	28	100	1
221	28	97	1
221	28	76	1
221	28	139	1
221	49	11	1
221	49	128	1
221	6	80	1
108	45	80	1
108	45	154	1
108	45	8	1
76	28	132	1
76	28	17	1
76	28	8	1
76	28	70	1
76	28	128	1
76	28	69	1
76	28	100	1
76	28	97	1
76	28	76	1
76	28	139	1
76	37	63	1
76	37	60	1
76	37	128	1
76	37	88	1
76	37	90	1
76	37	82	1
76	37	110	1
76	37	136	1
76	37	35	1
76	37	137	1
76	37	92	1
76	37	36	1
76	37	3	1
76	54	80	1
76	54	156	1
76	54	35	1
76	54	62	1
76	54	12	1
76	54	149	1
76	54	55	1
76	54	150	1
76	54	47	1
76	54	139	1
76	54	13	1
210	3	16	1
261	13	78	1
261	13	76	1
261	13	97	1
166	43	38	1
166	37	63	1
166	37	60	1
166	37	128	1
166	37	88	1
166	37	90	1
166	37	82	1
166	37	110	1
166	37	136	1
166	37	35	1
166	37	137	1
166	37	92	1
166	37	36	1
166	37	3	1
175	54	80	1
175	54	156	1
175	54	35	1
175	54	62	1
175	54	12	1
175	54	149	1
175	54	55	1
175	54	150	1
175	54	47	1
175	54	139	1
175	54	13	1
229	4	3	1
229	4	14	1
229	54	80	1
229	54	156	1
229	54	35	1
229	54	62	1
229	54	12	1
229	54	149	1
229	54	55	1
229	54	150	1
229	54	47	1
229	54	139	1
229	54	13	1
31	54	80	1
31	54	156	1
31	54	35	1
31	54	62	1
31	54	12	1
31	54	149	1
31	54	55	1
31	54	150	1
31	54	47	1
31	54	139	1
31	54	13	1
137	18	62	1
137	18	161	1
137	18	38	1
137	18	112	1
118	18	62	1
118	18	161	1
118	18	38	1
118	18	112	1
2	37	63	1
2	37	60	1
2	37	128	1
2	37	88	1
2	37	90	1
2	37	82	1
2	37	110	1
2	37	136	1
2	37	35	1
2	37	137	1
2	37	92	1
2	37	36	1
2	37	3	1
2	25	62	1
2	25	130	1
2	25	81	1
2	25	92	1
2	25	156	1
2	25	113	1
114	9	161	1
114	9	157	1
114	9	1	1
114	9	78	1
114	9	9	1
114	9	61	1
114	9	101	1
3	22	8	1
219	41	18	1
219	41	74	1
219	41	72	1
219	41	9	1
219	41	37	1
219	41	83	1
219	41	80	1
219	41	30	1
219	41	137	1
219	41	128	1
219	41	100	1
219	41	8	1
219	9	161	1
219	9	157	1
219	9	1	1
219	9	78	1
219	9	9	1
219	9	61	1
219	9	101	1
215	55	55	1
215	55	6	1
215	55	14	1
215	55	62	1
215	55	48	1
215	55	18	1
215	55	11	1
215	55	12	1
215	55	142	1
215	55	21	1
215	55	30	1
215	55	75	1
215	55	141	1
215	55	72	1
215	55	67	1
215	55	126	1
215	55	59	1
215	55	43	1
215	55	27	1
215	55	57	1
215	55	118	1
196	41	18	1
196	41	74	1
196	41	72	1
196	41	9	1
196	41	37	1
196	41	83	1
196	41	80	1
196	41	30	1
196	41	137	1
196	41	128	1
196	41	100	1
196	41	8	1
253	41	18	1
253	41	74	1
253	41	72	1
253	41	9	1
253	41	37	1
253	41	83	1
253	41	80	1
253	41	30	1
253	41	137	1
253	41	128	1
253	41	100	1
253	41	8	1
253	9	161	1
253	9	157	1
253	9	1	1
253	9	78	1
253	9	9	1
253	9	61	1
253	9	101	1
103	36	161	1
103	36	128	1
103	36	88	1
103	36	157	1
103	36	148	1
103	36	80	1
103	36	155	1
103	36	143	1
103	36	8	1
103	22	8	1
103	0	161	1
103	0	128	1
103	0	4	1
103	0	8	1
103	0	38	1
103	0	149	1
103	0	92	1
103	0	126	1
103	0	62	1
103	0	146	1
103	0	14	1
103	54	80	1
103	54	156	1
103	54	35	1
103	54	62	1
103	54	12	1
103	54	149	1
103	54	55	1
103	54	150	1
103	54	47	1
103	54	139	1
103	54	13	1
14	41	18	1
14	41	74	1
14	41	72	1
14	41	9	1
14	41	37	1
14	41	83	1
14	41	80	1
14	41	30	1
14	41	137	1
14	41	128	1
14	41	100	1
14	41	8	1
0	22	8	1
198	55	55	1
198	55	6	1
198	55	14	1
198	55	62	1
198	55	48	1
198	55	18	1
198	55	11	1
198	55	12	1
198	55	142	1
198	55	21	1
198	55	30	1
198	55	75	1
198	55	141	1
198	55	72	1
198	55	67	1
198	55	126	1
198	55	59	1
198	55	43	1
198	55	27	1
198	55	57	1
198	55	118	1
171	9	161	1
171	9	157	1
171	9	1	1
171	9	78	1
171	9	9	1
171	9	61	1
171	9	101	1
171	35	122	1
171	35	154	1
171	35	38	1
171	35	8	1
171	35	61	1
171	35	6	1
171	22	8	1
62	9	161	1
62	9	157	1
62	9	1	1
62	9	78	1
62	9	9	1
62	9	61	1
62	9	101	1
132	41	18	1
132	41	74	1
132	41	72	1
132	41	9	1
132	41	37	1
132	41	83	1
132	41	80	1
132	41	30	1
132	41	137	1
132	41	128	1
132	41	100	1
132	41	8	1
132	22	8	1
101	9	161	1
101	9	157	1
101	9	1	1
101	9	78	1
101	9	9	1
101	9	61	1
101	9	101	1
101	22	8	1
257	9	161	1
257	9	157	1
257	9	1	1
257	9	78	1
257	9	9	1
257	9	61	1
257	9	101	1
257	49	11	1
257	49	128	1
257	29	80	1
257	29	8	1
189	9	161	1
189	9	157	1
189	9	1	1
189	9	78	1
189	9	9	1
189	9	61	1
189	9	101	1
91	41	18	1
91	41	74	1
91	41	72	1
91	41	9	1
91	41	37	1
91	41	83	1
91	41	80	1
91	41	30	1
91	41	137	1
91	41	128	1
91	41	100	1
91	41	8	1
91	22	8	1
268	9	161	1
268	9	157	1
268	9	1	1
268	9	78	1
268	9	9	1
268	9	61	1
268	9	101	1
37	52	112	1
241	37	63	1
241	37	60	1
241	37	128	1
241	37	88	1
241	37	90	1
241	37	82	1
241	37	110	1
241	37	136	1
241	37	35	1
241	37	137	1
241	37	92	1
241	37	36	1
241	37	3	1
242	46	136	1
68	11	4	1
225	54	80	1
225	54	156	1
225	54	35	1
225	54	62	1
225	54	12	1
225	54	149	1
225	54	55	1
225	54	150	1
225	54	47	1
225	54	139	1
225	54	13	1
124	54	80	1
124	54	156	1
124	54	35	1
124	54	62	1
124	54	12	1
124	54	149	1
124	54	55	1
124	54	150	1
124	54	47	1
124	54	139	1
124	54	13	1
191	54	80	1
191	54	156	1
191	54	35	1
191	54	62	1
191	54	12	1
191	54	149	1
191	54	55	1
191	54	150	1
191	54	47	1
191	54	139	1
191	54	13	1
191	49	11	1
191	49	128	1
180	36	161	1
180	36	128	1
180	36	88	1
180	36	157	1
180	36	148	1
180	36	80	1
180	36	155	1
180	36	143	1
180	36	8	1
197	36	161	1
197	36	128	1
197	36	88	1
197	36	157	1
197	36	148	1
197	36	80	1
197	36	155	1
197	36	143	1
197	36	8	1
197	49	11	1
197	49	128	1
197	29	80	1
197	29	8	1
197	13	78	1
197	13	76	1
197	13	97	1
57	40	80	1
125	40	80	1
125	16	91	1
125	16	161	1
125	16	80	1
125	16	11	1
125	16	63	1
125	16	126	1
125	16	143	1
125	16	88	1
125	16	61	1
125	16	110	1
125	16	25	1
125	16	51	1
125	16	94	1
125	16	24	1
125	16	153	1
209	54	80	1
209	54	156	1
209	54	35	1
209	54	62	1
209	54	12	1
209	54	149	1
209	54	55	1
209	54	150	1
209	54	47	1
209	54	139	1
209	54	13	1
67	41	18	1
67	41	74	1
67	41	72	1
67	41	9	1
67	41	37	1
67	41	83	1
67	41	80	1
67	41	30	1
67	41	137	1
67	41	128	1
67	41	100	1
67	41	8	1
67	9	161	1
67	9	157	1
67	9	1	1
67	9	78	1
67	9	9	1
67	9	61	1
67	9	101	1
67	22	8	1
38	43	38	1
38	37	63	1
38	37	60	1
38	37	128	1
38	37	88	1
38	37	90	1
38	37	82	1
38	37	110	1
38	37	136	1
38	37	35	1
38	37	137	1
38	37	92	1
38	37	36	1
38	37	3	1
119	54	80	1
119	54	156	1
119	54	35	1
119	54	62	1
119	54	12	1
119	54	149	1
119	54	55	1
119	54	150	1
119	54	47	1
119	54	139	1
119	54	13	1
119	19	94	1
119	19	8	1
82	0	161	1
82	0	128	1
82	0	4	1
82	0	8	1
82	0	38	1
82	0	149	1
82	0	92	1
82	0	126	1
82	0	62	1
82	0	146	1
82	0	14	1
36	9	161	1
36	9	157	1
36	9	1	1
36	9	78	1
36	9	9	1
36	9	61	1
36	9	101	1
36	41	18	1
36	41	74	1
36	41	72	1
36	41	9	1
36	41	37	1
36	41	83	1
36	41	80	1
36	41	30	1
36	41	137	1
36	41	128	1
36	41	100	1
36	41	8	1
162	50	91	1
162	50	74	1
162	50	156	1
162	50	9	1
162	50	69	1
162	50	25	1
162	50	163	1
162	50	143	1
162	50	58	1
162	50	158	1
162	50	83	1
162	50	60	1
162	50	104	1
162	50	93	1
162	50	110	1
162	50	161	1
162	50	56	1
162	50	84	1
162	50	95	1
162	50	10	1
162	50	135	1
162	50	66	1
162	50	4	1
162	50	99	1
162	50	2	1
162	50	100	1
162	50	50	1
162	50	63	1
162	50	123	1
162	50	17	1
162	50	3	1
162	50	151	1
162	50	92	1
162	50	154	1
162	50	109	1
162	50	33	1
162	50	112	1
162	50	144	1
162	50	138	1
162	50	13	1
162	50	130	1
162	50	113	1
162	50	131	1
162	50	7	1
162	50	44	1
162	50	101	1
162	50	22	1
112	37	63	1
112	37	60	1
112	37	128	1
112	37	88	1
112	37	90	1
112	37	82	1
112	37	110	1
112	37	136	1
112	37	35	1
112	37	137	1
112	37	92	1
112	37	36	1
112	37	3	1
168	2	100	1
168	2	128	1
168	2	69	1
168	2	30	1
168	2	107	1
168	2	42	1
153	54	80	1
153	54	156	1
153	54	35	1
153	54	62	1
153	54	12	1
153	54	149	1
153	54	55	1
153	54	150	1
153	54	47	1
153	54	139	1
153	54	13	1
238	16	91	1
238	16	161	1
238	16	80	1
238	16	11	1
238	16	63	1
238	16	126	1
238	16	143	1
238	16	88	1
238	16	61	1
238	16	110	1
238	16	25	1
238	16	51	1
238	16	94	1
238	16	24	1
238	16	153	1
148	36	161	1
148	36	128	1
148	36	88	1
148	36	157	1
148	36	148	1
148	36	80	1
148	36	155	1
148	36	143	1
148	36	8	1
104	4	3	1
104	4	14	1
104	54	80	1
104	54	156	1
104	54	35	1
104	54	62	1
104	54	12	1
104	54	149	1
104	54	55	1
104	54	150	1
104	54	47	1
104	54	139	1
104	54	13	1
188	4	3	1
188	4	14	1
188	54	80	1
188	54	156	1
188	54	35	1
188	54	62	1
188	54	12	1
188	54	149	1
188	54	55	1
188	54	150	1
188	54	47	1
188	54	139	1
188	54	13	1
240	9	161	1
240	9	157	1
240	9	1	1
240	9	78	1
240	9	9	1
240	9	61	1
240	9	101	1
240	22	8	1
250	33	83	1
250	33	156	1
250	33	72	1
250	33	99	1
250	33	105	1
250	33	124	1
250	33	103	1
250	33	89	1
250	33	111	1
250	33	154	1
250	33	80	1
250	33	14	1
250	33	139	1
88	37	63	1
88	37	60	1
88	37	128	1
88	37	88	1
88	37	90	1
88	37	82	1
88	37	110	1
88	37	136	1
88	37	35	1
88	37	137	1
88	37	92	1
88	37	36	1
88	37	3	1
161	4	3	1
161	4	14	1
161	54	80	1
161	54	156	1
161	54	35	1
161	54	62	1
161	54	12	1
161	54	149	1
161	54	55	1
161	54	150	1
161	54	47	1
161	54	139	1
161	54	13	1
204	4	3	1
204	4	14	1
204	54	80	1
204	54	156	1
204	54	35	1
204	54	62	1
204	54	12	1
204	54	149	1
204	54	55	1
204	54	150	1
204	54	47	1
204	54	139	1
204	54	13	1
224	54	80	1
224	54	156	1
224	54	35	1
224	54	62	1
224	54	12	1
224	54	149	1
224	54	55	1
224	54	150	1
224	54	47	1
224	54	139	1
224	54	13	1
109	37	63	1
109	37	60	1
109	37	128	1
109	37	88	1
109	37	90	1
109	37	82	1
109	37	110	1
109	37	136	1
109	37	35	1
109	37	137	1
109	37	92	1
109	37	36	1
109	37	3	1
214	54	80	1
214	54	156	1
214	54	35	1
214	54	62	1
214	54	12	1
214	54	149	1
214	54	55	1
214	54	150	1
214	54	47	1
214	54	139	1
214	54	13	1
214	49	11	1
214	49	128	1
29	36	161	1
29	36	128	1
29	36	88	1
29	36	157	1
29	36	148	1
29	36	80	1
29	36	155	1
29	36	143	1
29	36	8	1
129	18	62	1
129	18	161	1
129	18	38	1
129	18	112	1
254	18	62	1
254	18	161	1
254	18	38	1
254	18	112	1
203	18	62	1
203	18	161	1
203	18	38	1
203	18	112	1
120	37	63	1
120	37	60	1
120	37	128	1
120	37	88	1
120	37	90	1
120	37	82	1
120	37	110	1
120	37	136	1
120	37	35	1
120	37	137	1
120	37	92	1
120	37	36	1
120	37	3	1
120	18	62	1
120	18	161	1
120	18	38	1
120	18	112	1
120	54	80	1
120	54	156	1
120	54	35	1
120	54	62	1
120	54	12	1
120	54	149	1
120	54	55	1
120	54	150	1
120	54	47	1
120	54	139	1
120	54	13	1
120	19	94	1
120	19	8	1
120	9	161	1
120	9	157	1
120	9	1	1
120	9	78	1
120	9	9	1
120	9	61	1
120	9	101	1
245	36	161	1
245	36	128	1
245	36	88	1
245	36	157	1
245	36	148	1
245	36	80	1
245	36	155	1
245	36	143	1
245	36	8	1
59	54	80	1
59	54	156	1
59	54	35	1
59	54	62	1
59	54	12	1
59	54	149	1
59	54	55	1
59	54	150	1
59	54	47	1
59	54	139	1
59	54	13	1
262	16	91	1
262	16	161	1
262	16	80	1
262	16	11	1
262	16	63	1
262	16	126	1
262	16	143	1
262	16	88	1
262	16	61	1
262	16	110	1
262	16	25	1
262	16	51	1
262	16	94	1
262	16	24	1
262	16	153	1
80	13	78	1
80	13	76	1
80	13	97	1
49	28	132	1
49	28	17	1
49	28	8	1
49	28	70	1
49	28	128	1
49	28	69	1
49	28	100	1
49	28	97	1
49	28	76	1
49	28	139	1
49	37	63	1
49	37	60	1
49	37	128	1
49	37	88	1
49	37	90	1
49	37	82	1
49	37	110	1
49	37	136	1
49	37	35	1
49	37	137	1
49	37	92	1
49	37	36	1
49	37	3	1
49	54	80	1
49	54	156	1
49	54	35	1
49	54	62	1
49	54	12	1
49	54	149	1
49	54	55	1
49	54	150	1
49	54	47	1
49	54	139	1
49	54	13	1
55	11	4	1
83	48	146	1
83	48	55	1
83	48	35	1
83	23	163	1
83	23	80	1
83	23	14	1
83	37	63	1
83	37	60	1
83	37	128	1
83	37	88	1
83	37	90	1
83	37	82	1
83	37	110	1
83	37	136	1
83	37	35	1
83	37	137	1
83	37	92	1
83	37	36	1
83	37	3	1
85	0	161	1
85	0	128	1
85	0	4	1
85	0	8	1
85	0	38	1
85	0	149	1
85	0	92	1
85	0	126	1
85	0	62	1
85	0	146	1
85	0	14	1
190	36	161	1
190	36	128	1
190	36	88	1
190	36	157	1
190	36	148	1
190	36	80	1
190	36	155	1
190	36	143	1
190	36	8	1
66	41	18	1
66	41	74	1
66	41	72	1
66	41	9	1
66	41	37	1
66	41	83	1
66	41	80	1
66	41	30	1
66	41	137	1
66	41	128	1
66	41	100	1
66	41	8	1
246	49	11	1
246	49	128	1
113	54	80	1
113	54	156	1
113	54	35	1
113	54	62	1
113	54	12	1
113	54	149	1
113	54	55	1
113	54	150	1
113	54	47	1
113	54	139	1
113	54	13	1
12	30	62	1
12	30	53	1
12	30	31	1
12	30	30	1
12	30	143	1
12	30	156	1
12	30	24	1
12	30	34	1
12	30	14	1
12	54	80	1
12	54	156	1
12	54	35	1
12	54	62	1
12	54	12	1
12	54	149	1
12	54	55	1
12	54	150	1
12	54	47	1
12	54	139	1
12	54	13	1
12	7	17	1
12	7	62	1
12	7	35	1
12	7	53	1
12	7	69	1
12	7	92	1
12	7	31	1
12	7	38	1
12	7	155	1
12	7	156	1
12	7	162	1
12	7	3	1
12	7	14	1
12	7	61	1
12	7	80	1
138	18	62	1
138	18	161	1
138	18	38	1
138	18	112	1
138	54	80	1
138	54	156	1
138	54	35	1
138	54	62	1
138	54	12	1
138	54	149	1
138	54	55	1
138	54	150	1
138	54	47	1
138	54	139	1
138	54	13	1
116	18	62	1
116	18	161	1
116	18	38	1
116	18	112	1
178	18	62	1
178	18	161	1
178	18	38	1
178	18	112	1
202	36	161	1
202	36	128	1
202	36	88	1
202	36	157	1
202	36	148	1
202	36	80	1
202	36	155	1
202	36	143	1
202	36	8	1
131	5	9	1
131	5	132	1
131	5	14	1
131	5	80	1
131	5	57	1
131	5	42	1
131	5	118	1
131	5	61	1
44	11	4	1
9	4	3	1
9	4	14	1
9	54	80	1
9	54	156	1
9	54	35	1
9	54	62	1
9	54	12	1
9	54	149	1
9	54	55	1
9	54	150	1
9	54	47	1
9	54	139	1
9	54	13	1
236	49	11	1
236	49	128	1
17	8	38	1
17	8	136	1
17	37	63	1
17	37	60	1
17	37	128	1
17	37	88	1
17	37	90	1
17	37	82	1
17	37	110	1
17	37	136	1
17	37	35	1
17	37	137	1
17	37	92	1
17	37	36	1
17	37	3	1
147	9	161	1
147	9	157	1
147	9	1	1
147	9	78	1
147	9	9	1
147	9	61	1
147	9	101	1
252	28	132	1
252	28	17	1
252	28	8	1
252	28	70	1
252	28	128	1
252	28	69	1
252	28	100	1
252	28	97	1
252	28	76	1
252	28	139	1
252	37	63	1
252	37	60	1
252	37	128	1
252	37	88	1
252	37	90	1
252	37	82	1
252	37	110	1
252	37	136	1
252	37	35	1
252	37	137	1
252	37	92	1
252	37	36	1
252	37	3	1
252	54	80	1
252	54	156	1
252	54	35	1
252	54	62	1
252	54	12	1
252	54	149	1
252	54	55	1
252	54	150	1
252	54	47	1
252	54	139	1
252	54	13	1
86	6	80	1
145	54	80	1
145	54	156	1
145	54	35	1
145	54	62	1
145	54	12	1
145	54	149	1
145	54	55	1
145	54	150	1
145	54	47	1
145	54	139	1
145	54	13	1
251	10	8	1
251	10	130	1
247	36	161	1
247	36	128	1
247	36	88	1
247	36	157	1
247	36	148	1
247	36	80	1
247	36	155	1
247	36	143	1
247	36	8	1
139	36	161	1
139	36	128	1
139	36	88	1
139	36	157	1
139	36	148	1
139	36	80	1
139	36	155	1
139	36	143	1
139	36	8	1
18	54	80	1
18	54	156	1
18	54	35	1
18	54	62	1
18	54	12	1
18	54	149	1
18	54	55	1
18	54	150	1
18	54	47	1
18	54	139	1
18	54	13	1
269	46	136	1
263	3	16	1
61	26	106	1
111	54	80	1
111	54	156	1
111	54	35	1
111	54	62	1
111	54	12	1
111	54	149	1
111	54	55	1
111	54	150	1
111	54	47	1
111	54	139	1
111	54	13	1
81	4	3	1
81	4	14	1
81	54	80	1
81	54	156	1
81	54	35	1
81	54	62	1
81	54	12	1
81	54	149	1
81	54	55	1
81	54	150	1
81	54	47	1
81	54	139	1
81	54	13	1
136	15	57	1
22	36	161	1
22	36	128	1
22	36	88	1
22	36	157	1
22	36	148	1
22	36	80	1
22	36	155	1
22	36	143	1
22	36	8	1
22	49	11	1
22	49	128	1
211	15	57	1
211	47	139	1
211	47	62	1
211	47	130	1
211	47	163	1
211	47	9	1
211	47	12	1
211	47	61	1
211	47	80	1
211	47	24	1
211	47	34	1
211	54	80	1
211	54	156	1
211	54	35	1
211	54	62	1
211	54	12	1
211	54	149	1
211	54	55	1
211	54	150	1
211	54	47	1
211	54	139	1
211	54	13	1
211	12	82	1
140	15	57	1
140	35	122	1
140	35	154	1
140	35	38	1
140	35	8	1
140	35	61	1
140	35	6	1
156	54	80	1
156	54	156	1
156	54	35	1
156	54	62	1
156	54	12	1
156	54	149	1
156	54	55	1
156	54	150	1
156	54	47	1
156	54	139	1
156	54	13	1
2	35	122	1
2	35	154	1
2	35	38	1
2	35	8	1
2	35	61	1
2	35	6	1
20	36	161	1
20	36	128	1
20	36	88	1
20	36	157	1
20	36	148	1
20	36	80	1
20	36	155	1
20	36	143	1
20	36	8	1
260	45	80	1
260	45	154	1
260	45	8	1
149	54	80	1
149	54	156	1
149	54	35	1
149	54	62	1
149	54	12	1
149	54	149	1
149	54	55	1
149	54	150	1
149	54	47	1
149	54	139	1
149	54	13	1
73	12	82	1
84	28	132	1
84	28	17	1
84	28	8	1
84	28	70	1
84	28	128	1
84	28	69	1
84	28	100	1
84	28	97	1
84	28	76	1
84	28	139	1
84	37	63	1
84	37	60	1
84	37	128	1
84	37	88	1
84	37	90	1
84	37	82	1
84	37	110	1
84	37	136	1
84	37	35	1
84	37	137	1
84	37	92	1
84	37	36	1
84	37	3	1
84	54	80	1
84	54	156	1
84	54	35	1
84	54	62	1
84	54	12	1
84	54	149	1
84	54	55	1
84	54	150	1
84	54	47	1
84	54	139	1
84	54	13	1
122	9	161	1
122	9	157	1
122	9	1	1
122	9	78	1
122	9	9	1
122	9	61	1
122	9	101	1
266	41	18	1
266	41	74	1
266	41	72	1
266	41	9	1
266	41	37	1
266	41	83	1
266	41	80	1
266	41	30	1
266	41	137	1
266	41	128	1
266	41	100	1
266	41	8	1
266	42	85	1
266	42	65	1
266	42	105	1
266	42	140	1
266	42	61	1
266	42	62	1
266	42	112	1
266	38	16	1
266	38	62	1
266	38	130	1
266	38	38	1
266	38	160	1
266	38	72	1
266	38	122	1
266	38	155	1
266	38	22	1
266	38	8	1
266	38	61	1
266	38	34	1
266	38	119	1
266	38	91	1
266	38	143	1
169	41	18	1
169	41	74	1
169	41	72	1
169	41	9	1
169	41	37	1
169	41	83	1
169	41	80	1
169	41	30	1
169	41	137	1
169	41	128	1
169	41	100	1
169	41	8	1
169	9	161	1
169	9	157	1
169	9	1	1
169	9	78	1
169	9	9	1
169	9	61	1
169	9	101	1
234	16	91	1
234	16	161	1
234	16	80	1
234	16	11	1
234	16	63	1
234	16	126	1
234	16	143	1
234	16	88	1
234	16	61	1
234	16	110	1
234	16	25	1
234	16	51	1
234	16	94	1
234	16	24	1
234	16	153	1
60	36	161	1
60	36	128	1
60	36	88	1
60	36	157	1
60	36	148	1
60	36	80	1
60	36	155	1
60	36	143	1
60	36	8	1
60	49	11	1
60	49	128	1
92	0	161	1
92	0	128	1
92	0	4	1
92	0	8	1
92	0	38	1
92	0	149	1
92	0	92	1
92	0	126	1
92	0	62	1
92	0	146	1
92	0	14	1
92	19	94	1
92	19	8	1
212	38	16	1
212	38	62	1
212	38	130	1
212	38	38	1
212	38	160	1
212	38	72	1
212	38	122	1
212	38	155	1
212	38	22	1
212	38	8	1
212	38	61	1
212	38	34	1
212	38	119	1
212	38	91	1
212	38	143	1
27	16	91	1
27	16	161	1
27	16	80	1
27	16	11	1
27	16	63	1
27	16	126	1
27	16	143	1
27	16	88	1
27	16	61	1
27	16	110	1
27	16	25	1
27	16	51	1
27	16	94	1
27	16	24	1
27	16	153	1
27	12	82	1
164	11	4	1
28	9	161	1
28	9	157	1
28	9	1	1
28	9	78	1
28	9	9	1
28	9	61	1
28	9	101	1
8	51	80	1
8	51	35	1
187	17	18	1
187	17	55	1
187	17	139	1
187	17	14	1
187	17	8	1
187	17	62	1
187	17	11	1
187	17	40	1
187	17	126	1
187	17	156	1
187	17	112	1
187	17	154	1
194	49	11	1
194	49	128	1
144	49	11	1
144	49	128	1
13	37	63	1
13	37	60	1
13	37	128	1
13	37	88	1
13	37	90	1
13	37	82	1
13	37	110	1
13	37	136	1
13	37	35	1
13	37	137	1
13	37	92	1
13	37	36	1
13	37	3	1
199	35	122	1
199	35	154	1
199	35	38	1
199	35	8	1
199	35	61	1
199	35	6	1
199	0	161	1
199	0	128	1
199	0	4	1
199	0	8	1
199	0	38	1
199	0	149	1
199	0	92	1
199	0	126	1
199	0	62	1
199	0	146	1
199	0	14	1
199	54	80	1
199	54	156	1
199	54	35	1
199	54	62	1
199	54	12	1
199	54	149	1
199	54	55	1
199	54	150	1
199	54	47	1
199	54	139	1
199	54	13	1
96	28	132	1
96	28	17	1
96	28	8	1
96	28	70	1
96	28	128	1
96	28	69	1
96	28	100	1
96	28	97	1
96	28	76	1
96	28	139	1
96	37	63	1
96	37	60	1
96	37	128	1
96	37	88	1
96	37	90	1
96	37	82	1
96	37	110	1
96	37	136	1
96	37	35	1
96	37	137	1
96	37	92	1
96	37	36	1
96	37	3	1
96	54	80	1
96	54	156	1
96	54	35	1
96	54	62	1
96	54	12	1
96	54	149	1
96	54	55	1
96	54	150	1
96	54	47	1
96	54	139	1
96	54	13	1
50	28	132	1
50	28	17	1
50	28	8	1
50	28	70	1
50	28	128	1
50	28	69	1
50	28	100	1
50	28	97	1
50	28	76	1
50	28	139	1
50	37	63	1
50	37	60	1
50	37	128	1
50	37	88	1
50	37	90	1
50	37	82	1
50	37	110	1
50	37	136	1
50	37	35	1
50	37	137	1
50	37	92	1
50	37	36	1
50	37	3	1
50	54	80	1
50	54	156	1
50	54	35	1
50	54	62	1
50	54	12	1
50	54	149	1
50	54	55	1
50	54	150	1
50	54	47	1
50	54	139	1
50	54	13	1
63	36	161	1
63	36	128	1
63	36	88	1
63	36	157	1
63	36	148	1
63	36	80	1
63	36	155	1
63	36	143	1
63	36	8	1
63	49	11	1
63	49	128	1
158	9	161	1
158	9	157	1
158	9	1	1
158	9	78	1
158	9	9	1
158	9	61	1
158	9	101	1
158	41	18	1
158	41	74	1
158	41	72	1
158	41	9	1
158	41	37	1
158	41	83	1
158	41	80	1
158	41	30	1
158	41	137	1
158	41	128	1
158	41	100	1
158	41	8	1
102	38	16	1
102	38	62	1
102	38	130	1
102	38	38	1
102	38	160	1
102	38	72	1
102	38	122	1
102	38	155	1
102	38	22	1
102	38	8	1
102	38	61	1
102	38	34	1
102	38	119	1
102	38	91	1
102	38	143	1
160	16	91	1
160	16	161	1
160	16	80	1
160	16	11	1
160	16	63	1
160	16	126	1
160	16	143	1
160	16	88	1
160	16	61	1
160	16	110	1
160	16	25	1
160	16	51	1
160	16	94	1
160	16	24	1
160	16	153	1
248	36	161	1
248	36	128	1
248	36	88	1
248	36	157	1
248	36	148	1
248	36	80	1
248	36	155	1
248	36	143	1
248	36	8	1
90	15	57	1
90	27	61	1
100	22	8	1
230	51	80	1
230	51	35	1
97	0	161	1
97	0	128	1
97	0	4	1
97	0	8	1
97	0	38	1
97	0	149	1
97	0	92	1
97	0	126	1
97	0	62	1
97	0	146	1
97	0	14	1
97	19	94	1
97	19	8	1
98	41	18	1
98	41	74	1
98	41	72	1
98	41	9	1
98	41	37	1
98	41	83	1
98	41	80	1
98	41	30	1
98	41	137	1
98	41	128	1
98	41	100	1
98	41	8	1
170	9	161	1
170	9	157	1
170	9	1	1
170	9	78	1
170	9	9	1
170	9	61	1
170	9	101	1
170	22	8	1
52	41	18	1
52	41	74	1
52	41	72	1
52	41	9	1
52	41	37	1
52	41	83	1
52	41	80	1
52	41	30	1
52	41	137	1
52	41	128	1
52	41	100	1
52	41	8	1
53	41	18	1
53	41	74	1
53	41	72	1
53	41	9	1
53	41	37	1
53	41	83	1
53	41	80	1
53	41	30	1
53	41	137	1
53	41	128	1
53	41	100	1
53	41	8	1
207	54	80	1
207	54	156	1
207	54	35	1
207	54	62	1
207	54	12	1
207	54	149	1
207	54	55	1
207	54	150	1
207	54	47	1
207	54	139	1
207	54	13	1
207	2	100	1
207	2	128	1
207	2	69	1
207	2	30	1
207	2	107	1
207	2	42	1
207	16	91	1
207	16	161	1
207	16	80	1
207	16	11	1
207	16	63	1
207	16	126	1
207	16	143	1
207	16	88	1
207	16	61	1
207	16	110	1
207	16	25	1
207	16	51	1
207	16	94	1
207	16	24	1
207	16	153	1
32	35	122	1
32	35	154	1
32	35	38	1
32	35	8	1
32	35	61	1
32	35	6	1
110	49	11	1
110	49	128	1
48	37	63	1
48	37	60	1
48	37	128	1
48	37	88	1
48	37	90	1
48	37	82	1
48	37	110	1
48	37	136	1
48	37	35	1
48	37	137	1
48	37	92	1
48	37	36	1
48	37	3	1
157	28	132	1
157	28	17	1
157	28	8	1
157	28	70	1
157	28	128	1
157	28	69	1
157	28	100	1
157	28	97	1
157	28	76	1
157	28	139	1
157	37	63	1
157	37	60	1
157	37	128	1
157	37	88	1
157	37	90	1
157	37	82	1
157	37	110	1
157	37	136	1
157	37	35	1
157	37	137	1
157	37	92	1
157	37	36	1
157	37	3	1
157	54	80	1
157	54	156	1
157	54	35	1
157	54	62	1
157	54	12	1
157	54	149	1
157	54	55	1
157	54	150	1
157	54	47	1
157	54	139	1
157	54	13	1
141	54	80	1
141	54	156	1
141	54	35	1
141	54	62	1
141	54	12	1
141	54	149	1
141	54	55	1
141	54	150	1
141	54	47	1
141	54	139	1
141	54	13	1
222	13	78	1
222	13	76	1
222	13	97	1
58	37	63	1
58	37	60	1
58	37	128	1
58	37	88	1
58	37	90	1
58	37	82	1
58	37	110	1
58	37	136	1
58	37	35	1
58	37	137	1
58	37	92	1
58	37	36	1
58	37	3	1
58	9	161	1
58	9	157	1
58	9	1	1
58	9	78	1
58	9	9	1
58	9	61	1
58	9	101	1
25	54	80	1
25	54	156	1
25	54	35	1
25	54	62	1
25	54	12	1
25	54	149	1
25	54	55	1
25	54	150	1
25	54	47	1
25	54	139	1
25	54	13	1
167	19	94	1
167	19	8	1
10	40	80	1
106	54	80	1
106	54	156	1
106	54	35	1
106	54	62	1
106	54	12	1
106	54	149	1
106	54	55	1
106	54	150	1
106	54	47	1
106	54	139	1
106	54	13	1
121	54	80	1
121	54	156	1
121	54	35	1
121	54	62	1
121	54	12	1
121	54	149	1
121	54	55	1
121	54	150	1
121	54	47	1
121	54	139	1
121	54	13	1
121	49	11	1
121	49	128	1
33	16	91	1
33	16	161	1
33	16	80	1
33	16	11	1
33	16	63	1
33	16	126	1
33	16	143	1
33	16	88	1
33	16	61	1
33	16	110	1
33	16	25	1
33	16	51	1
33	16	94	1
33	16	24	1
33	16	153	1
123	37	63	1
123	37	60	1
123	37	128	1
123	37	88	1
123	37	90	1
123	37	82	1
123	37	110	1
123	37	136	1
123	37	35	1
123	37	137	1
123	37	92	1
123	37	36	1
123	37	3	1
163	37	63	1
163	37	60	1
163	37	128	1
163	37	88	1
163	37	90	1
163	37	82	1
163	37	110	1
163	37	136	1
163	37	35	1
163	37	137	1
163	37	92	1
163	37	36	1
163	37	3	1
179	49	11	1
179	49	128	1
176	11	4	1
107	54	80	1
107	54	156	1
107	54	35	1
107	54	62	1
107	54	12	1
107	54	149	1
107	54	55	1
107	54	150	1
107	54	47	1
107	54	139	1
107	54	13	1
233	4	3	1
233	4	14	1
233	54	80	1
233	54	156	1
233	54	35	1
233	54	62	1
233	54	12	1
233	54	149	1
233	54	55	1
233	54	150	1
233	54	47	1
233	54	139	1
233	54	13	1
75	4	3	1
75	4	14	1
75	54	80	1
75	54	156	1
75	54	35	1
75	54	62	1
75	54	12	1
75	54	149	1
75	54	55	1
75	54	150	1
75	54	47	1
75	54	139	1
75	54	13	1
231	56	74	1
231	56	99	1
231	28	132	1
231	28	17	1
231	28	8	1
231	28	70	1
231	28	128	1
231	28	69	1
231	28	100	1
231	28	97	1
231	28	76	1
231	28	139	1
231	0	161	1
231	0	128	1
231	0	4	1
231	0	8	1
231	0	38	1
231	0	149	1
231	0	92	1
231	0	126	1
231	0	62	1
231	0	146	1
231	0	14	1
11	37	63	1
11	37	60	1
11	37	128	1
11	37	88	1
11	37	90	1
11	37	82	1
11	37	110	1
11	37	136	1
11	37	35	1
11	37	137	1
11	37	92	1
11	37	36	1
11	37	3	1
200	4	3	1
200	4	14	1
200	54	80	1
200	54	156	1
200	54	35	1
200	54	62	1
200	54	12	1
200	54	149	1
200	54	55	1
200	54	150	1
200	54	47	1
200	54	139	1
200	54	13	1
45	54	80	1
45	54	156	1
45	54	35	1
45	54	62	1
45	54	12	1
45	54	149	1
45	54	55	1
45	54	150	1
45	54	47	1
45	54	139	1
45	54	13	1
249	54	80	1
249	54	156	1
249	54	35	1
249	54	62	1
249	54	12	1
249	54	149	1
249	54	55	1
249	54	150	1
249	54	47	1
249	54	139	1
249	54	13	1
78	28	132	1
78	28	17	1
78	28	8	1
78	28	70	1
78	28	128	1
78	28	69	1
78	28	100	1
78	28	97	1
78	28	76	1
78	28	139	1
255	37	63	1
255	37	60	1
255	37	128	1
255	37	88	1
255	37	90	1
255	37	82	1
255	37	110	1
255	37	136	1
255	37	35	1
255	37	137	1
255	37	92	1
255	37	36	1
255	37	3	1
256	43	38	1
256	37	63	1
256	37	60	1
256	37	128	1
256	37	88	1
256	37	90	1
256	37	82	1
256	37	110	1
256	37	136	1
256	37	35	1
256	37	137	1
256	37	92	1
256	37	36	1
256	37	3	1
244	9	161	1
244	9	157	1
244	9	1	1
244	9	78	1
244	9	9	1
244	9	61	1
244	9	101	1
164	3	16	1
177	3	16	1
227	14	9	1
227	14	8	1
227	14	132	1
227	14	127	1
227	14	129	1
227	14	83	1
227	14	163	1
227	14	121	1
227	14	5	1
227	14	57	1
227	14	122	1
227	14	165	1
227	14	98	1
227	14	59	1
227	14	99	1
227	14	40	1
227	14	68	1
227	14	37	1
227	14	49	1
227	14	123	1
227	14	160	1
227	14	164	1
227	14	18	1
227	14	72	1
227	14	86	1
227	14	159	1
227	14	39	1
227	14	10	1
227	14	133	1
227	14	4	1
227	14	120	1
227	14	28	1
227	14	11	1
227	14	117	1
227	14	45	1
227	14	131	1
227	14	108	1
227	14	67	1
227	14	23	1
227	14	15	1
227	14	151	1
227	14	65	1
227	14	42	1
227	14	105	1
227	14	81	1
227	14	135	1
227	14	64	1
227	14	138	1
227	14	77	1
227	14	116	1
227	14	156	1
227	14	52	1
227	14	21	1
227	14	63	1
227	14	125	1
227	14	46	1
227	14	100	1
227	14	87	1
227	14	166	1
227	14	51	1
227	14	134	1
227	14	162	1
227	14	41	1
227	14	36	1
227	14	145	1
227	14	146	1
227	14	118	1
227	14	56	1
227	14	97	1
227	14	20	1
227	14	43	1
227	14	0	1
227	14	126	1
227	14	73	1
227	14	66	1
227	14	27	1
227	14	71	1
227	14	3	1
227	14	143	1
227	14	54	1
227	14	101	1
227	57	132	1
227	57	80	1
227	57	114	1
227	57	117	1
227	57	19	1
227	57	103	1
227	57	62	1
227	57	147	1
227	57	3	1
227	57	8	1
227	44	18	1
227	44	14	1
227	44	79	1
227	44	128	1
227	44	102	1
227	44	48	1
227	44	11	1
227	44	138	1
227	44	66	1
227	44	92	1
227	44	19	1
227	44	4	1
227	44	32	1
227	44	139	1
227	44	156	1
69	4	3	1
69	4	14	1
69	54	80	1
69	54	156	1
69	54	35	1
69	54	62	1
69	54	12	1
69	54	149	1
69	54	55	1
69	54	150	1
69	54	47	1
69	54	139	1
69	54	13	1
205	54	80	1
205	54	156	1
205	54	35	1
205	54	62	1
205	54	12	1
205	54	149	1
205	54	55	1
205	54	150	1
205	54	47	1
205	54	139	1
205	54	13	1
24	13	78	1
24	13	76	1
24	13	97	1
35	21	69	1
35	21	121	1
35	21	80	1
35	21	139	1
35	21	115	1
35	21	26	1
35	21	101	1
35	21	55	1
35	21	96	1
35	21	72	1
35	21	29	1
35	22	8	1
126	4	3	1
126	4	14	1
126	54	80	1
126	54	156	1
126	54	35	1
126	54	62	1
126	54	12	1
126	54	149	1
126	54	55	1
126	54	150	1
126	54	47	1
126	54	139	1
126	54	13	1
5	15	57	1
5	32	116	1
1	54	80	1
1	54	156	1
1	54	35	1
1	54	62	1
1	54	12	1
1	54	149	1
1	54	55	1
1	54	150	1
1	54	47	1
1	54	139	1
1	54	13	1
208	13	78	1
208	13	76	1
208	13	97	1
208	49	11	1
208	49	128	1
223	48	146	1
223	48	55	1
223	48	35	1
223	6	80	1
223	37	63	1
223	37	60	1
223	37	128	1
223	37	88	1
223	37	90	1
223	37	82	1
223	37	110	1
223	37	136	1
223	37	35	1
223	37	137	1
223	37	92	1
223	37	36	1
223	37	3	1
71	54	80	1
71	54	156	1
71	54	35	1
71	54	62	1
71	54	12	1
71	54	149	1
71	54	55	1
71	54	150	1
71	54	47	1
71	54	139	1
71	54	13	1
71	42	85	1
71	42	65	1
71	42	105	1
71	42	140	1
71	42	61	1
71	42	62	1
71	42	112	1
71	13	78	1
71	13	76	1
71	13	97	1
39	49	11	1
39	49	128	1
47	36	161	1
47	36	128	1
47	36	88	1
47	36	157	1
47	36	148	1
47	36	80	1
47	36	155	1
47	36	143	1
47	36	8	1
181	6	80	1
181	54	80	1
181	54	156	1
181	54	35	1
181	54	62	1
181	54	12	1
181	54	149	1
181	54	55	1
181	54	150	1
181	54	47	1
181	54	139	1
181	54	13	1
142	0	161	1
142	0	128	1
142	0	4	1
142	0	8	1
142	0	38	1
142	0	149	1
142	0	92	1
142	0	126	1
142	0	62	1
142	0	146	1
142	0	14	1
142	19	94	1
142	19	8	1
99	28	132	1
99	28	17	1
99	28	8	1
99	28	70	1
99	28	128	1
99	28	69	1
99	28	100	1
99	28	97	1
99	28	76	1
99	28	139	1
99	2	100	1
99	2	128	1
99	2	69	1
99	2	30	1
99	2	107	1
99	2	42	1
99	8	38	1
99	8	136	1
99	37	63	1
99	37	60	1
99	37	128	1
99	37	88	1
99	37	90	1
99	37	82	1
99	37	110	1
99	37	136	1
99	37	35	1
99	37	137	1
99	37	92	1
99	37	36	1
99	37	3	1
70	13	78	1
70	13	76	1
70	13	97	1
72	13	78	1
72	13	76	1
72	13	97	1
34	2	100	1
34	2	128	1
34	2	69	1
34	2	30	1
34	2	107	1
34	2	42	1
146	28	132	1
146	28	17	1
146	28	8	1
146	28	70	1
146	28	128	1
146	28	69	1
146	28	100	1
146	28	97	1
146	28	76	1
146	28	139	1
237	43	38	1
237	37	63	1
237	37	60	1
237	37	128	1
237	37	88	1
237	37	90	1
237	37	82	1
237	37	110	1
237	37	136	1
237	37	35	1
237	37	137	1
237	37	92	1
237	37	36	1
237	37	3	1
183	39	156	1
186	34	8	1
186	39	156	1
186	31	156	1
232	34	8	1
232	31	156	1
264	34	8	1
264	39	156	1
195	39	156	1
115	39	156	1
79	34	8	1
79	39	156	1
79	31	156	1
7	34	8	1
64	34	8	1
206	34	8	1
214	34	8	1
214	39	156	1
56	34	8	1
56	39	156	1
41	34	8	1
41	39	156	1
30	34	8	1
30	39	156	1
117	34	8	1
54	39	156	1
26	34	8	1
26	39	156	1
192	34	8	1
192	39	156	1
4	34	8	1
154	39	156	1
134	34	8	1
173	39	156	1
165	39	156	1
51	39	156	1
193	39	156	1
135	34	8	1
258	34	8	1
19	34	8	1
105	34	8	1
267	39	156	1
235	34	8	1
235	39	156	1
70	34	8	1
243	37	63	1
243	37	60	1
243	37	128	1
243	37	88	1
243	37	90	1
243	37	82	1
243	37	110	1
243	37	136	1
243	37	35	1
243	37	137	1
243	37	92	1
243	37	36	1
243	37	3	1
265	38	16	1
265	38	62	1
265	38	130	1
265	38	38	1
265	38	160	1
265	38	72	1
265	38	122	1
265	38	155	1
265	38	22	1
265	38	8	1
265	38	61	1
265	38	34	1
265	38	119	1
265	38	91	1
265	38	143	1
150	32	116	1
174	32	116	1
